Disk before distribute: { 75 85 56 87 5 }{ 82 36 86 98 85 }{ 9 74 63 76 42 }{ 65 92 28 26 91 }{ 97 28 74 70 61 }{ 87 99 95 82 89 }{ 14 87 84 85 3 }{ 97 47 54 18 69 }{ 0 96 68 75 59 }{ 46 73 40 38 54 }{ 48 67 38 55 87 }{ 13 62 66 87 1 }
Reads-Writes : 0-12

Round 1
Tape1: { 75 85 56 87 5 }{ 82 36 86 98 85 }{ 14 87 84 85 3 }{ 97 47 54 18 69 }{ 0 96 68 75 59 }{ 13 62 66 87 1 }
Tape2: { 9 74 63 76 42 }{ 65 92 28 26 91 }{ 97 28 74 70 61 }{ 87 99 95 82 89 }{ 46 73 40 38 54 }{ 48 67 38 55 87 }
Tape3: { 9 74 63 76 42 }{ 65 92 28 26 91 }{ 75 85 56 87 5 }{ 97 28 74 70 61 }{ 82 36 86 98 85 }{ 87 99 95 82 89 }{ 46 73 40 38 54 }{ 14 87 84 85 3 }{ 97 47 54 18 69 }{ 48 67 38 55 87 }{ 0 96 68 75 59 }{ 13 62 66 87 1 }
Reads-Writes : 24-36

Round 2
Tape1: { 9 74 63 76 42 }{ 65 92 28 26 91 }{ 75 85 56 87 5 }{ 97 28 74 70 61 }{ 82 36 86 98 85 }{ 87 99 95 82 89 }{ 13 62 66 87 1 }
Tape2: { 46 73 40 38 54 }{ 14 87 84 85 3 }{ 97 47 54 18 69 }{ 48 67 38 55 87 }{ 0 96 68 75 59 }
Tape3: { 46 73 40 38 54 }{ 9 74 63 76 42 }{ 14 87 84 85 3 }{ 97 47 54 18 69 }{ 48 67 38 55 87 }{ 0 96 68 75 59 }{ 65 92 28 26 91 }{ 75 85 56 87 5 }{ 97 28 74 70 61 }{ 82 36 86 98 85 }{ 87 99 95 82 89 }{ 13 62 66 87 1 }
Reads-Writes : 48-60

Round 3
Tape1: { 46 73 40 38 54 }{ 9 74 63 76 42 }{ 14 87 84 85 3 }{ 97 47 54 18 69 }{ 48 67 38 55 87 }{ 0 96 68 75 59 }{ 65 92 28 26 91 }{ 75 85 56 87 5 }{ 97 28 74 70 61 }{ 82 36 86 98 85 }{ 87 99 95 82 89 }
Tape2: { 13 62 66 87 1 }
Tape3: { 13 62 66 87 1 }{ 46 73 40 38 54 }{ 9 74 63 76 42 }{ 14 87 84 85 3 }{ 97 47 54 18 69 }{ 48 67 38 55 87 }{ 0 96 68 75 59 }{ 65 92 28 26 91 }{ 75 85 56 87 5 }{ 97 28 74 70 61 }{ 82 36 86 98 85 }{ 87 99 95 82 89 }
Reads-Writes : 72-84

Round 4
Tape1: { 13 62 66 87 1 }{ 46 73 40 38 54 }{ 9 74 63 76 42 }{ 14 87 84 85 3 }{ 97 47 54 18 69 }{ 48 67 38 55 87 }{ 0 96 68 75 59 }{ 65 92 28 26 91 }{ 75 85 56 87 5 }{ 97 28 74 70 61 }{ 82 36 86 98 85 }{ 87 99 95 82 89 }
Tape2: 
